xof 0303txt 0032
template Frame {
 <3d82ab46-62da-11cf-ab39-0020af71e433>
 [...]
}

template Matrix4x4 {
 <f6f23f45-7686-11cf-8f52-0040333594a3>
 array FLOAT matrix[16];
}

template FrameTransformMatrix {
 <f6f23f41-7686-11cf-8f52-0040333594a3>
 Matrix4x4 frameMatrix;
}

template Vector {
 <3d82ab5e-62da-11cf-ab39-0020af71e433>
 FLOAT x;
 FLOAT y;
 FLOAT z;
}

template MeshFace {
 <3d82ab5f-62da-11cf-ab39-0020af71e433>
 DWORD nFaceVertexIndices;
 array DWORD faceVertexIndices[nFaceVertexIndices];
}

template Mesh {
 <3d82ab44-62da-11cf-ab39-0020af71e433>
 DWORD nVertices;
 array Vector vertices[nVertices];
 DWORD nFaces;
 array MeshFace faces[nFaces];
 [...]
}

template ColorRGBA {
 <35ff44e0-6c7c-11cf-8f52-0040333594a3>
 FLOAT red;
 FLOAT green;
 FLOAT blue;
 FLOAT alpha;
}

template ColorRGB {
 <d3e16e81-7835-11cf-8f52-0040333594a3>
 FLOAT red;
 FLOAT green;
 FLOAT blue;
}

template Material {
 <3d82ab4d-62da-11cf-ab39-0020af71e433>
 ColorRGBA faceColor;
 FLOAT power;
 ColorRGB specularColor;
 ColorRGB emissiveColor;
 [...]
}

template MeshMaterialList {
 <f6f23f42-7686-11cf-8f52-0040333594a3>
 DWORD nMaterials;
 DWORD nFaceIndexes;
 array DWORD faceIndexes[nFaceIndexes];
 [Material <3d82ab4d-62da-11cf-ab39-0020af71e433>]
}

template EffectInstance {
 <e331f7e4-0559-4cc2-8e99-1cec1657928f>
 STRING EffectFilename;
 [...]
}

template EffectParamString {
 <1dbc4c88-94c1-46ee-9076-2c28818c9481>
 STRING ParamName;
 STRING Value;
}

template VertexElement {
 <f752461c-1e23-48f6-b9f8-8350850f336f>
 DWORD Type;
 DWORD Method;
 DWORD Usage;
 DWORD UsageIndex;
}

template DeclData {
 <bf22e553-292c-4781-9fea-62bd554bdd93>
 DWORD nElements;
 array VertexElement Elements[nElements];
 DWORD nDWords;
 array DWORD data[nDWords];
}

template XSkinMeshHeader {
 <3cf169ce-ff7c-44ab-93c0-f78f62d172e2>
 WORD nMaxSkinWeightsPerVertex;
 WORD nMaxSkinWeightsPerFace;
 WORD nBones;
}

template SkinWeights {
 <6f0d123b-bad2-4167-a0d0-80224f25fabb>
 STRING transformNodeName;
 DWORD nWeights;
 array DWORD vertexIndices[nWeights];
 array FLOAT weights[nWeights];
 Matrix4x4 matrixOffset;
}

template AnimTicksPerSecond {
 <9e415a43-7ba6-4a73-8743-b73d47e88476>
 DWORD AnimTicksPerSecond;
}

template Animation {
 <3d82ab4f-62da-11cf-ab39-0020af71e433>
 [...]
}

template AnimationSet {
 <3d82ab50-62da-11cf-ab39-0020af71e433>
 [Animation <3d82ab4f-62da-11cf-ab39-0020af71e433>]
}

template FloatKeys {
 <10dd46a9-775b-11cf-8f52-0040333594a3>
 DWORD nValues;
 array FLOAT values[nValues];
}

template TimedFloatKeys {
 <f406b180-7b3b-11cf-8f52-0040333594a3>
 DWORD time;
 FloatKeys tfkeys;
}

template AnimationKey {
 <10dd46a8-775b-11cf-8f52-0040333594a3>
 DWORD keyType;
 DWORD nKeys;
 array TimedFloatKeys keys[nKeys];
}


Frame Root {
 

 FrameTransformMatrix {
  1.000000,0.000000,0.000000,0.000000,0.000000,-0.000000,-1.000000,0.000000,0.000000,1.000000,-0.000000,0.000000,0.000000,-0.101219,0.000000,1.000000;;
 }

 Frame Bip001 {
  

  FrameTransformMatrix {
   1.000000,-0.000004,-0.000000,0.000000,-0.000000,-0.000000,1.000000,0.000000,-0.000004,-1.000000,-0.000000,0.000000,-0.000000,-3.356658,168.172058,1.000000;;
  }

  Frame Bip001-Pelvis {
   

   FrameTransformMatrix {
    0.000001,1.000000,0.000000,0.000000,0.217223,-0.000000,0.976122,0.000000,0.976122,-0.000001,-0.217223,0.000000,0.000000,0.000000,0.000000,1.000000;;
   }

   Frame Bip001-Spine {
    

    FrameTransformMatrix {
     0.992906,0.024537,0.116339,0.000000,-0.018079,0.998254,-0.056241,0.000000,-0.117516,0.053739,0.991616,0.000000,47.014557,-0.001987,-0.037762,1.000000;;
    }

    Frame Bip001-Spine1 {
     

     FrameTransformMatrix {
      0.993672,-0.010808,0.111803,0.000000,0.001667,0.996670,0.081532,0.000000,-0.112312,-0.080830,0.990380,0.000000,47.845962,0.014648,-0.179523,1.000000;;
     }

     Frame Bip001-Neck {
      

      FrameTransformMatrix {
       0.573576,0.000002,0.819152,0.000000,-0.000002,1.000000,-0.000001,0.000000,-0.819152,-0.000001,0.573576,0.000000,144.197722,0.000151,112.459904,1.000000;;
      }

      Frame Bip001-Head {
       

       FrameTransformMatrix {
        0.882310,0.239352,0.405264,0.000000,-0.222501,0.970863,-0.088987,0.000000,-0.414755,-0.011658,0.909858,0.000000,20.120605,0.000031,8.357758,1.000000;;
       }

       Frame Bip001-Ponytail1 {
        

        FrameTransformMatrix {
         0.170962,0.000003,0.985278,0.000000,-0.000003,1.000000,-0.000002,0.000000,-0.985278,-0.000002,0.170962,0.000000,28.411453,0.000046,25.710144,1.000000;;
        }

        Frame Point_Ponytail1 {
         

         FrameTransformMatrix {
          1.000000,-0.000000,0.000000,0.000000,0.000000,1.000000,0.000001,0.000000,0.000000,-0.000001,1.000000,0.000000,0.000000,-0.000031,0.000000,1.000000;;
         }
        }
       }

       Frame Point_Head {
        

        FrameTransformMatrix {
         1.000000,-0.000000,0.000000,0.000000,-0.000000,1.000000,0.000002,0.000000,-0.000000,-0.000002,1.000000,0.000000,44.558198,-0.000069,5.329864,1.000000;;
        }
       }
      }
     }

     Frame Bip001-L-Clavicle {
      

      FrameTransformMatrix {
       0.089090,0.981717,-0.168214,0.000000,0.996024,-0.087943,0.014270,0.000000,-0.000784,-0.168816,-0.985648,0.000000,173.499085,81.014266,0.042915,1.000000;;
      }

      Frame Bip001-L-UpperArm {
       

       FrameTransformMatrix {
        0.440165,-0.754641,0.486592,0.000000,0.896822,0.396237,-0.196742,0.000000,-0.044336,0.522985,0.851188,0.000000,102.556902,0.000000,-0.000015,1.000000;;
       }

       Frame Bip001-L-Forearm {
        

        FrameTransformMatrix {
         0.119762,0.000000,-0.992803,0.000000,0.000000,1.000000,0.000000,0.000000,0.992803,-0.000000,0.119762,0.000000,179.469786,0.000031,0.000061,1.000000;;
        }

        Frame Bip001-L-Hand {
         

         FrameTransformMatrix {
          0.979411,-0.142102,-0.143392,0.000000,0.171549,0.211406,0.962226,0.000000,-0.106420,-0.967013,0.231431,0.000000,99.420806,-0.000031,0.000000,1.000000;;
         }

         Frame Bip001-L-Finger0 {
          

          FrameTransformMatrix {
           0.492469,-0.638462,0.591473,0.000000,0.596157,-0.247667,-0.763713,0.000000,0.634091,0.728716,0.258655,0.000000,40.139434,-25.333366,24.108917,1.000000;;
          }

          Frame Bip001-L-Finger01 {
           

           FrameTransformMatrix {
            0.963295,0.000000,0.268446,0.000000,-0.000000,1.000000,-0.000000,0.000000,-0.268446,-0.000000,0.963295,0.000000,20.469147,0.000000,0.000015,1.000000;;
           }

           Frame Bip001-L-Finger02 {
            

            FrameTransformMatrix {
             0.909979,0.000000,0.414655,0.000000,-0.000000,1.000000,0.000000,0.000000,-0.414655,-0.000000,0.909979,0.000000,20.469117,0.000000,-0.000008,1.000000;;
            }
           }
          }
         }

         Frame Bip001-L-Finger1 {
          

          FrameTransformMatrix {
           0.951781,-0.288489,0.104342,0.000000,0.305739,0.919984,-0.245262,0.000000,-0.025238,0.265338,0.963825,0.000000,79.021792,-29.669533,2.746002,1.000000;;
          }

          Frame Bip001-L-Finger11 {
           

           FrameTransformMatrix {
            0.939373,0.000000,0.342897,0.000000,-0.000000,1.000000,-0.000000,0.000000,-0.342897,-0.000000,0.939373,0.000000,14.654221,-0.000053,0.000000,1.000000;;
           }

           Frame Bip001-L-Finger12 {
            

            FrameTransformMatrix {
             0.905209,-0.000000,0.424968,0.000000,-0.000000,1.000000,0.000000,0.000000,-0.424968,-0.000000,0.905208,0.000000,23.118331,-0.000038,-0.000015,1.000000;;
            }
           }
          }
         }

         Frame Bip001-L-Finger2 {
          

          FrameTransformMatrix {
           0.984808,-0.109750,0.134567,0.000000,0.120621,0.989826,-0.075460,0.000000,-0.124916,0.090546,0.988027,0.000000,81.689165,-0.002464,3.131653,1.000000;;
          }

          Frame Bip001-L-Finger21 {
           

           FrameTransformMatrix {
            0.840473,0.000000,0.541854,0.000000,-0.000000,1.000000,0.000000,0.000000,-0.541854,-0.000000,0.840473,0.000000,15.329346,-0.000008,0.000000,1.000000;;
           }

           Frame Bip001-L-Finger22 {
            

            FrameTransformMatrix {
             0.698857,0.000000,0.715262,0.000000,-0.000000,1.000000,-0.000000,0.000000,-0.715262,0.000000,0.698857,0.000000,26.095795,0.000015,0.000015,1.000000;;
            }
           }
          }
         }

         Frame Bip001-L-Finger3 {
          

          FrameTransformMatrix {
           0.839408,0.105450,0.533175,0.000000,-0.089374,0.994424,-0.055967,0.000000,-0.536104,-0.000672,0.844152,0.000000,84.009888,26.894301,-2.322815,1.000000;;
          }

          Frame Bip001-L-Finger31 {
           

           FrameTransformMatrix {
            0.857782,0.000000,0.514014,0.000000,-0.000000,1.000000,-0.000000,0.000000,-0.514013,0.000000,0.857782,0.000000,12.774475,-0.000023,0.000015,1.000000;;
           }

           Frame Bip001-L-Finger32 {
            

            FrameTransformMatrix {
             0.797641,0.000000,0.603133,0.000000,0.000000,1.000000,-0.000000,0.000000,-0.603133,0.000000,0.797641,0.000000,20.814637,0.000000,-0.000023,1.000000;;
            }
           }
          }
         }
        }

        Frame Point_L-Forearm {
         

         FrameTransformMatrix {
          1.000000,0.000000,0.000000,0.000000,-0.000000,1.000000,0.000001,0.000000,0.000000,-0.000001,1.000000,0.000000,45.024461,-2.427216,-0.147659,1.000000;;
         }
        }
       }

       Frame Point_L-UpperArm01 {
        

        FrameTransformMatrix {
         1.000000,-0.000000,0.000000,0.000000,0.000000,1.000000,0.000000,0.000000,-0.000000,-0.000000,1.000000,0.000000,12.580750,-0.000183,13.422714,1.000000;;
        }

        Frame Bone_L-UpperArm06 {
         

         FrameTransformMatrix {
          0.975329,-0.005226,0.220696,0.000000,-0.220648,-0.054705,0.973818,0.000000,0.006983,-0.998489,-0.054508,0.000000,-16.894027,25.423218,56.828461,1.000000;;
         }

         Frame Bone_L-UpperArm07 {
          

          FrameTransformMatrix {
           0.870318,-0.009887,-0.492392,0.000000,0.003445,0.999896,-0.013989,0.000000,0.492479,0.010479,0.870261,0.000000,55.382413,0.000183,0.000000,1.000000;;
          }

          Frame Bone_L-UpperArm08 {
           

           FrameTransformMatrix {
            0.659234,0.061644,-0.749407,0.000000,-0.040235,0.998098,0.046708,0.000000,0.750861,-0.000639,0.660460,0.000000,34.897216,0.000000,0.000122,1.000000;;
           }

           Frame Bone_L-UpperArm09 {
            

            FrameTransformMatrix {
             0.481981,0.291032,-0.826435,0.000000,0.032329,0.936674,0.348707,0.000000,0.875585,-0.194788,0.442050,0.000000,30.115907,0.000031,0.000092,1.000000;;
            }
           }
          }
         }
        }

        Frame Bone_L-UpperArm01 {
         

         FrameTransformMatrix {
          0.793094,0.161772,-0.587224,0.000000,-0.584110,-0.071317,-0.808535,0.000000,-0.172677,0.984248,0.037932,0.000000,-1.775528,24.958496,-55.860749,1.000000;;
         }

         Frame Bone_L-UpperArm02 {
          

          FrameTransformMatrix {
           0.794317,-0.479004,0.373652,0.000000,0.468915,0.874468,0.124196,0.000000,-0.386237,0.076560,0.919217,0.000000,53.831693,0.000008,0.000031,1.000000;;
          }

          Frame Bone_L-UpperArm03 {
           

           FrameTransformMatrix {
            0.843621,0.497833,0.201159,0.000000,-0.536073,0.759658,0.368166,0.000000,0.030473,-0.418429,0.907738,0.000000,41.188301,-0.000023,0.000031,1.000000;;
           }

           Frame Bone_L-UpperArm04 {
            

            FrameTransformMatrix {
             0.725898,0.685712,0.053577,0.000000,-0.674552,0.694535,0.250200,0.000000,0.134354,-0.217760,0.966711,0.000000,16.353013,-0.000002,0.000092,1.000000;;
            }

            Frame Bone_L-UpperArm05 {
             

             FrameTransformMatrix {
              0.648295,0.564412,-0.511030,0.000000,-0.428104,0.825250,0.368360,0.000000,0.629635,-0.020032,0.776633,0.000000,14.819413,-0.000015,-0.000122,1.000000;;
             }
            }
           }
          }
         }
        }
       }

       Frame Point_L-UpperArm02 {
        

        FrameTransformMatrix {
         1.000000,-0.000000,0.000000,0.000000,0.000000,1.000000,0.000000,0.000000,0.000000,-0.000000,1.000000,0.000000,122.015091,-0.000122,13.422683,1.000000;;
        }
       }
      }
     }

     Frame Bip001-R-Clavicle {
      

      FrameTransformMatrix {
       -0.056136,-0.998420,0.002392,0.000000,-0.998423,0.056137,0.000649,0.000000,-0.000782,-0.002352,-0.999997,0.000000,173.499110,-81.014304,0.043396,1.000000;;
      }

      Frame Bip001-R-UpperArm {
       

       FrameTransformMatrix {
        0.505572,0.581840,0.637072,0.000000,-0.833566,0.519933,0.186651,0.000000,-0.222633,-0.625406,0.747865,0.000000,102.556851,0.000031,0.000004,1.000000;;
       }

       Frame Bip001-R-Forearm {
        

        FrameTransformMatrix {
         0.025425,-0.000000,-0.999677,0.000000,-0.000000,1.000000,-0.000000,0.000000,0.999677,0.000000,0.025425,0.000000,179.469773,0.000061,0.000000,1.000000;;
        }

        Frame Bip001-R-Hand {
         

         FrameTransformMatrix {
          0.973122,0.000000,-0.230292,0.000000,-0.226102,0.189896,-0.955415,0.000000,0.043731,0.981805,0.184791,0.000000,99.420883,-0.000031,0.000008,1.000000;;
         }

         Frame Bip001-R-Finger0 {
          

          FrameTransformMatrix {
           0.492469,0.638462,0.591473,0.000000,-0.596157,-0.247668,0.763713,0.000000,0.634091,-0.728716,0.258655,0.000000,40.139482,25.333314,24.108947,1.000000;;
          }

          Frame Bip001-R-Finger01 {
           

           FrameTransformMatrix {
            0.963295,-0.000000,0.268446,0.000000,0.000000,1.000000,-0.000000,0.000000,-0.268446,0.000000,0.963295,0.000000,20.469117,-0.000015,0.000031,1.000000;;
           }

           Frame Bip001-R-Finger02 {
            

            FrameTransformMatrix {
             0.909979,0.000000,0.414655,0.000000,-0.000000,1.000000,-0.000000,0.000000,-0.414655,0.000000,0.909978,0.000000,20.469117,0.000015,0.000008,1.000000;;
            }
           }
          }
         }

         Frame Bip001-R-Finger1 {
          

          FrameTransformMatrix {
           0.951781,0.288489,0.104342,0.000000,-0.305739,0.919984,0.245263,0.000000,-0.025238,-0.265337,0.963825,0.000000,79.021811,29.669587,2.746063,1.000000;;
          }

          Frame Bip001-R-Finger11 {
           

           FrameTransformMatrix {
            0.939373,0.000000,0.342897,0.000000,-0.000000,1.000000,-0.000000,0.000000,-0.342897,0.000000,0.939373,0.000000,14.654190,0.000023,0.000031,1.000000;;
           }

           Frame Bip001-R-Finger12 {
            

            FrameTransformMatrix {
             0.905208,0.000000,0.424968,0.000000,-0.000000,1.000000,-0.000000,0.000000,-0.424968,0.000000,0.905208,0.000000,23.118363,-0.000015,-0.000015,1.000000;;
            }
           }
          }
         }

         Frame Bip001-R-Finger2 {
          

          FrameTransformMatrix {
           0.984808,0.109750,0.134567,0.000000,-0.120621,0.989826,0.075461,0.000000,-0.124916,-0.090546,0.988027,0.000000,81.689178,0.002487,3.131683,1.000000;;
          }

          Frame Bip001-R-Finger21 {
           

           FrameTransformMatrix {
            0.840473,0.000000,0.541854,0.000000,0.000000,1.000000,-0.000000,0.000000,-0.541854,0.000000,0.840473,0.000000,15.329376,-0.000023,-0.000031,1.000000;;
           }

           Frame Bip001-R-Finger22 {
            

            FrameTransformMatrix {
             0.698857,-0.000000,0.715261,0.000000,0.000000,1.000000,0.000000,0.000000,-0.715262,0.000000,0.698857,0.000000,26.095856,0.000008,0.000015,1.000000;;
            }
           }
          }
         }

         Frame Bip001-R-Finger3 {
          

          FrameTransformMatrix {
           0.839408,-0.105450,0.533175,0.000000,0.089374,0.994424,0.055968,0.000000,-0.536104,0.000672,0.844152,0.000000,84.009888,-26.894288,-2.322754,1.000000;;
          }

          Frame Bip001-R-Finger31 {
           

           FrameTransformMatrix {
            0.857782,0.000000,0.514013,0.000000,0.000000,1.000000,-0.000000,0.000000,-0.514013,0.000000,0.857782,0.000000,12.774506,0.000000,0.000061,1.000000;;
           }

           Frame Bip001-R-Finger32 {
            

            FrameTransformMatrix {
             0.797641,-0.000000,0.603133,0.000000,0.000000,1.000000,0.000000,0.000000,-0.603133,0.000000,0.797641,0.000000,20.814667,0.000015,-0.000015,1.000000;;
            }
           }
          }
         }
        }

        Frame Point_R-Forearm {
         

         FrameTransformMatrix {
          1.000000,-0.000000,0.000000,0.000000,0.000000,1.000000,0.000001,0.000000,-0.000000,-0.000001,1.000000,0.000000,45.024538,2.427094,-0.147644,1.000000;;
         }

         Frame Bone_R-Forearm05 {
          

          FrameTransformMatrix {
           0.832226,-0.442961,0.333444,0.000000,0.306533,-0.133530,-0.942448,0.000000,0.461993,0.886541,0.024655,0.000000,40.708998,-66.033267,24.058976,1.000000;;
          }

          Frame Bone_R-Forearm06 {
           

           FrameTransformMatrix {
            0.996109,-0.087645,-0.009254,0.000000,0.087963,0.995208,0.042709,0.000000,0.005467,-0.043357,0.999045,0.000000,37.823152,0.000015,-0.000183,1.000000;;
           }

           Frame Bone_R-Forearm07 {
            

            FrameTransformMatrix {
             0.754090,-0.532111,0.384976,0.000000,0.508398,0.844023,0.170752,0.000000,-0.415788,0.066958,0.906994,0.000000,27.079878,0.000000,0.000000,1.000000;;
            }

            Frame Bone_R-Forearm08 {
             

             FrameTransformMatrix {
              0.504354,-0.426446,0.750846,0.000000,0.145287,0.899054,0.413030,0.000000,-0.851186,-0.099225,0.515399,0.000000,21.980606,-0.000023,0.000031,1.000000;;
             }

             Frame Bone_R-Forearm09 {
              

              FrameTransformMatrix {
               0.840734,-0.174701,0.512491,0.000000,0.133166,0.984160,0.117029,0.000000,-0.524818,-0.030143,0.850681,0.000000,30.462342,0.000061,0.000153,1.000000;;
              }
             }
            }
           }
          }
         }

         Frame Bone_R-Forearm01 {
          

          FrameTransformMatrix {
           0.886042,0.067638,-0.458646,0.000000,-0.462303,0.054776,-0.885029,0.000000,-0.034739,0.996205,0.079803,0.000000,0.087341,-87.533203,-36.228288,1.000000;;
          }

          Frame Bone_R-Forearm02 {
           

           FrameTransformMatrix {
            0.665409,-0.293062,0.686546,0.000000,0.288199,0.949261,0.125879,0.000000,-0.688601,0.114101,0.716107,0.000000,25.726334,0.000031,-0.000031,1.000000;;
           }

           Frame Bone_R-Forearm03 {
            

            FrameTransformMatrix {
             0.392432,-0.271033,0.878942,0.000000,0.367840,0.922100,0.120107,0.000000,-0.843025,0.276176,0.461558,0.000000,23.258301,0.000015,-0.000031,1.000000;;
            }

            Frame Bone_R-Forearm04 {
             

             FrameTransformMatrix {
              0.787848,-0.217743,0.576093,0.000000,0.176700,0.976005,0.127246,0.000000,-0.589977,0.001546,0.807419,0.000000,30.581542,-0.000061,-0.000153,1.000000;;
             }
            }
           }
          }
         }
        }
       }

       Frame Point_R-UpperArm01 {
        

        FrameTransformMatrix {
         1.000000,0.000000,0.000000,0.000000,-0.000000,1.000000,0.000000,0.000000,0.000000,-0.000000,1.000000,0.000000,12.580780,0.000000,13.422608,1.000000;;
        }

        Frame Bone_R-UpperArm10 {
         

         FrameTransformMatrix {
          0.976027,0.075282,-0.204212,0.000000,0.202944,0.024218,0.978891,0.000000,0.078638,-0.996868,0.008360,0.000000,-24.990891,-76.633914,36.752595,1.000000;;
         }

         Frame Bone_R-UpperArm11 {
          

          FrameTransformMatrix {
           0.891416,-0.323991,-0.316869,0.000000,0.364319,0.928179,0.075861,0.000000,0.269533,-0.183066,0.945431,0.000000,39.966157,-0.000031,-0.000061,1.000000;;
          }

          Frame Bone_R-UpperArm12 {
           

           FrameTransformMatrix {
            0.261279,0.964275,0.043679,0.000000,0.341625,-0.050055,-0.938502,0.000000,-0.902788,0.260133,-0.342499,0.000000,36.610077,0.000000,-0.000031,1.000000;;
           }

           Frame Bone_R-UpperArm13 {
            

            FrameTransformMatrix {
             0.827192,-0.425822,0.366645,0.000000,0.447618,0.893781,0.028162,0.000000,-0.339693,0.140822,0.929934,0.000000,30.330400,0.000000,0.000061,1.000000;;
            }

            Frame Bone_R-UpperArm14 {
             

             FrameTransformMatrix {
              0.894995,-0.444249,0.040333,0.000000,0.443910,0.895901,0.017490,0.000000,-0.043904,0.002251,0.999033,0.000000,31.190704,0.000000,-0.000031,1.000000;;
             }

             Frame Bone_R-UpperArm15 {
              

              FrameTransformMatrix {
               0.692142,-0.708770,0.136326,0.000000,0.721744,0.678349,-0.137579,0.000000,0.005035,0.193617,0.981064,0.000000,28.052611,0.000011,0.000107,1.000000;;
              }
             }
            }
           }
          }
         }
        }

        Frame Bone_R-UpperArm01 {
         

         FrameTransformMatrix {
          0.994977,-0.059669,0.080371,0.000000,0.081606,0.018564,-0.996492,0.000000,0.057967,0.998045,0.023340,0.000000,9.666450,27.481507,-49.975037,1.000000;;
         }

         Frame Bone_R-UpperArm02 {
          

          FrameTransformMatrix {
           0.725981,-0.371952,0.578448,0.000000,0.312976,0.927659,0.203700,0.000000,-0.612370,0.033159,0.789876,0.000000,31.756896,-0.000015,-0.000031,1.000000;;
          }

          Frame Bone_R-UpperArm03 {
           

           FrameTransformMatrix {
            0.807879,-0.234413,0.540724,0.000000,0.209233,0.971807,0.108685,0.000000,-0.550957,0.025333,0.834149,0.000000,46.382682,-0.000031,-0.000031,1.000000;;
           }

           Frame Bone_R-UpperArm04 {
            

            FrameTransformMatrix {
             0.915655,0.021453,-0.401392,0.000000,-0.023076,0.999733,0.000792,0.000000,0.401302,0.008537,0.915906,0.000000,44.895798,-0.000031,-0.000092,1.000000;;
            }

            Frame Bone_R-UpperArm05 {
             

             FrameTransformMatrix {
              0.976049,0.099021,-0.193710,0.000000,-0.104412,0.994375,-0.017796,0.000000,0.190858,0.037595,0.980898,0.000000,42.909101,0.000031,-0.000015,1.000000;;
             }

             Frame Bone_R-UpperArm06 {
              

              FrameTransformMatrix {
               0.874669,0.091027,-0.476098,0.000000,-0.087789,0.995714,0.029092,0.000000,0.476706,0.016351,0.878911,0.000000,18.477810,0.000000,-0.000076,1.000000;;
              }

              Frame Bone_R-UpperArm07 {
               

               FrameTransformMatrix {
                0.926020,0.176240,-0.333806,0.000000,-0.209184,0.975703,-0.065160,0.000000,0.314212,0.130166,0.940387,0.000000,20.986466,0.000061,0.000000,1.000000;;
               }
              }
             }
            }
           }
          }
         }
        }

        Frame Bone_R-UpperArm08 {
         

         FrameTransformMatrix {
          0.906050,-0.420749,-0.045195,0.000000,0.233650,0.586454,-0.775551,0.000000,0.352817,0.692128,0.629665,0.000000,55.707885,-39.943299,24.087280,1.000000;;
         }

         Frame Bone_R-UpperArm09 {
          

          FrameTransformMatrix {
           0.322267,-0.296579,0.898991,0.000000,0.190404,0.950556,0.245334,0.000000,-0.927303,0.092109,0.362803,0.000000,25.261314,-0.000031,0.000130,1.000000;;
          }
         }
        }
       }

       Frame Point_R-UpperArm02 {
        

        FrameTransformMatrix {
         1.000000,0.000000,0.000000,0.000000,-0.000000,1.000000,0.000000,0.000000,0.000000,-0.000000,1.000000,0.000000,122.015270,-0.000153,13.422638,1.000000;;
        }
       }
      }
     }

     Frame Point_Spine1 {
      

      FrameTransformMatrix {
       1.000000,-0.000563,-0.000233,0.000000,0.000563,1.000000,-0.000226,0.000000,0.000233,0.000226,1.000000,0.000000,94.153594,0.003540,-13.111565,1.000000;;
      }

      Frame Bone_Spine07 {
       

       FrameTransformMatrix {
        -0.802251,0.587335,0.106918,0.000000,0.573020,0.807829,-0.138061,0.000000,-0.167460,-0.049494,-0.984636,0.000000,16.010955,13.964917,-95.696806,1.000000;;
       }

       Frame Bone_Spine08 {
        

        FrameTransformMatrix {
         0.903424,-0.176447,0.390758,0.000000,0.158050,0.984263,0.079035,0.000000,-0.398554,-0.009643,0.917094,0.000000,63.071898,-0.000031,-0.000069,1.000000;;
        }

        Frame Bone_Spine09 {
         

         FrameTransformMatrix {
          0.917158,-0.292777,0.270375,0.000000,0.271021,0.955625,0.115452,0.000000,-0.292178,-0.032610,0.955808,0.000000,45.323747,0.000000,-0.000137,1.000000;;
         }

         Frame Bone_Spine10 {
          

          FrameTransformMatrix {
           0.847242,-0.015585,0.530979,0.000000,0.026964,0.999543,-0.013686,0.000000,-0.530523,0.025912,0.847274,0.000000,29.652374,-0.000015,0.000000,1.000000;;
          }
         }
        }
       }
      }

      Frame Bone_Spine11 {
       

       FrameTransformMatrix {
        -0.732609,-0.648961,-0.205266,0.000000,0.626573,-0.760807,0.169056,0.000000,-0.265879,-0.004762,0.963995,0.000000,36.477507,-38.828397,-84.300218,1.000000;;
       }

       Frame Bone_Spine12 {
        

        FrameTransformMatrix {
         0.854129,-0.330978,-0.401145,0.000000,0.326383,0.941673,-0.082013,0.000000,0.404892,-0.060877,0.912336,0.000000,50.700349,0.000015,-0.000031,1.000000;;
        }

        Frame Bone_Spine13 {
         

         FrameTransformMatrix {
          0.727722,-0.500283,0.469188,0.000000,0.496240,0.856271,0.143340,0.000000,-0.473462,0.128518,0.871388,0.000000,32.727325,-0.000015,0.000031,1.000000;;
         }

         Frame Bone_Spine14 {
          

          FrameTransformMatrix {
           0.758813,-0.571245,0.312862,0.000000,0.485699,0.816346,0.312531,0.000000,-0.433935,-0.085196,0.896907,0.000000,32.083862,-0.000008,0.000000,1.000000;;
          }
         }
        }
       }
      }

      Frame Bone_Spine01 {
       

       FrameTransformMatrix {
        -0.841182,0.524128,0.133055,0.000000,0.520321,0.851512,-0.064760,0.000000,-0.147240,0.014756,-0.988991,0.000000,86.278138,60.500390,124.356966,1.000000;;
       }

       Frame Bone_Spine02 {
        

        FrameTransformMatrix {
         0.963175,-0.215632,-0.160613,0.000000,0.217262,0.976084,-0.007558,0.000000,0.158401,-0.027615,0.986988,0.000000,56.325350,-0.000275,0.000053,1.000000;;
        }

        Frame Bone_Spine03 {
         

         FrameTransformMatrix {
          0.923969,-0.379731,0.045671,0.000000,0.367082,0.913984,0.172874,0.000000,-0.107388,-0.142965,0.983885,0.000000,37.478394,0.000046,-0.000015,1.000000;;
         }

         Frame Bone_Spine04 {
          

          FrameTransformMatrix {
           0.832057,-0.551764,-0.056900,0.000000,0.537952,0.827702,-0.159742,0.000000,0.135237,0.102305,0.985517,0.000000,33.933197,-0.000076,0.000076,1.000000;;
          }

          Frame Bone_Spine05 {
           

           FrameTransformMatrix {
            0.872814,-0.480963,0.082884,0.000000,0.482427,0.875932,0.002671,0.000000,-0.073885,0.037654,0.996556,0.000000,33.280198,0.000015,0.000061,1.000000;;
           }

           Frame Bone_Spine06 {
            

            FrameTransformMatrix {
             0.633010,-0.445136,0.633366,0.000000,0.548888,0.835019,0.038280,0.000000,-0.545912,0.323415,0.772905,0.000000,30.739075,0.000168,0.000259,1.000000;;
            }
           }
          }
         }
        }
       }
      }

      Frame Bone_Spine15 {
       

       FrameTransformMatrix {
        -0.933723,0.340310,0.111135,0.000000,0.323983,0.935331,-0.142099,0.000000,-0.152306,-0.096675,-0.983594,0.000000,294.417997,-79.153005,82.411194,1.000000;;
       }

       Frame Bone_Spine16 {
        

        FrameTransformMatrix {
         0.854882,-0.249288,0.455009,0.000000,0.236592,0.967820,0.085731,0.000000,-0.461738,0.034361,0.886351,0.000000,32.290160,0.000000,-0.000008,1.000000;;
        }

        Frame Bone_Spine17 {
         

         FrameTransformMatrix {
          0.803182,-0.368585,0.468020,0.000000,0.354556,0.927087,0.121655,0.000000,-0.478736,0.068229,0.875304,0.000000,33.324096,0.000008,0.000000,1.000000;;
         }

         Frame Bone_Spine18 {
          

          FrameTransformMatrix {
           0.874130,-0.438220,0.209428,0.000000,0.455074,0.889648,-0.037877,0.000000,-0.169719,0.128414,0.977090,0.000000,29.375917,-0.000031,0.000000,1.000000;;
          }

          Frame Bone_Spine19 {
           

           FrameTransformMatrix {
            0.897248,-0.392063,0.203061,0.000000,0.427341,0.886772,-0.176109,0.000000,-0.111023,0.244790,0.963199,0.000000,21.610291,0.000000,0.002258,1.000000;;
           }
          }
         }
        }
       }
      }
     }
    }
   }

   Frame Bip001-L-Thigh {
    

    FrameTransformMatrix {
     -0.674514,0.515571,0.528411,0.000000,-0.185522,-0.811155,0.554626,0.000000,0.714572,0.276070,0.642785,0.000000,-0.000122,75.701536,0.000110,1.000000;;
    }

    Frame Bip001-L-Calf {
     

     FrameTransformMatrix {
      0.648722,-0.000000,-0.761026,0.000000,0.000000,1.000000,0.000000,0.000000,0.761026,-0.000001,0.648722,0.000000,97.830534,-0.000015,0.000031,1.000000;;
     }

     Frame Bip001-L-Foot {
      

      FrameTransformMatrix {
       0.981379,0.185523,0.049762,0.000000,-0.174924,0.970233,-0.167479,0.000000,-0.079352,0.155656,0.984619,0.000000,67.156646,-0.000023,0.000023,1.000000;;
      }

      Frame Bip001-L-Toe0 {
       

       FrameTransformMatrix {
        -0.000000,0.219881,0.975527,0.000000,-0.000000,0.975527,-0.219881,0.000000,-1.000000,-0.000000,-0.000000,0.000000,35.133984,0.417870,32.652442,1.000000;;
       }
      }

      Frame Point_L-Calf {
       

       FrameTransformMatrix {
        0.974282,-0.147926,-0.169982,0.000000,0.150529,0.988603,0.002453,0.000000,0.167681,-0.027977,0.985445,0.000000,-35.098147,11.698295,-1.209473,1.000000;;
       }
      }
     }
    }

    Frame Point_L-Thigh {
     

     FrameTransformMatrix {
      1.000000,0.000000,0.000000,0.000000,-0.000000,1.000000,0.000001,0.000000,0.000000,-0.000001,1.000000,0.000000,39.435354,-3.824646,0.240784,1.000000;;
     }
    }
   }

   Frame Bip001-R-Thigh {
    

    FrameTransformMatrix {
     -0.775439,-0.502500,0.382346,0.000000,0.416511,-0.862177,-0.288391,0.000000,0.474567,-0.064378,0.877862,0.000000,0.000092,-75.701568,-0.000101,1.000000;;
    }

    Frame Bip001-R-Calf {
     

     FrameTransformMatrix {
      0.610604,-0.000000,-0.791936,0.000000,-0.000000,1.000000,-0.000000,0.000000,0.791936,0.000000,0.610604,0.000000,97.830528,-0.000015,-0.000015,1.000000;;
     }

     Frame Bip001-R-Foot {
      

      FrameTransformMatrix {
       0.849311,-0.416513,0.324328,0.000000,0.286657,0.879793,0.379199,0.000000,-0.443282,-0.229087,0.866614,0.000000,67.156634,-0.000015,0.000004,1.000000;;
      }

      Frame Bip001-R-Toe0 {
       

       FrameTransformMatrix {
        0.000004,-0.283104,0.959089,0.000000,-0.000001,0.959089,0.283104,0.000000,-1.000000,-0.000002,0.000003,0.000000,35.134042,0.000031,32.655021,1.000000;;
       }
      }

      Frame Point_R-Calf {
       

       FrameTransformMatrix {
        0.974281,0.145741,-0.171862,0.000000,-0.150531,0.988490,-0.015104,0.000000,0.167683,0.040586,0.985005,0.000000,-35.098125,-11.712838,-1.059652,1.000000;;
       }
      }
     }
    }

    Frame Point_R-Thigh {
     

     FrameTransformMatrix {
      1.000000,0.000001,0.000002,0.000000,-0.000001,1.000000,-0.000003,0.000000,-0.000002,0.000003,1.000000,0.000000,39.435325,3.824722,0.240768,1.000000;;
     }
    }
   }
  }

  Frame Point_Pelvis {
   

   FrameTransformMatrix {
    0.000001,1.000000,0.000000,0.000000,0.217742,-0.000000,0.976006,0.000000,0.976006,-0.000001,-0.217742,0.000000,0.286359,-0.886169,-0.296803,1.000000;;
   }
  }
 }
}

Frame Ancient_Stone_Golem {
 

 FrameTransformMatrix {
  1.000000,0.000000,0.000000,0.000000,0.000000,1.000000,0.000000,0.000000,0.000000,0.000000,1.000000,0.000000,0.000000,0.000000,0.000000,1.000000;;
 }

 Mesh Ancient_Stone_Golem {
  5632;
  -7.163870;418.321715;-198.738202;,
  -12.430635;423.328179;-193.898099;,
  -9.648900;422.802970;-199.260966;,
  -15.958493;430.14854;-193.685466;,
  7.262413;397.207731;-191.881382;,
  6.711385;395.367603;-190.413862;,
  8.023631;395.085696;-190.744320;,
  6.408337;398.097715;-192.868710;,
  4.593333;393.842022;-189.851187;,
  4.982457;394.752538;-192.669184;,
  5.512584;394.041677;-193.733722;,
  8.068555;396.232678;-193.602688;,
  7.262413;397.207731;-191.881382;,
  8.023631;395.085696;-190.744320;,
  8.602831;394.012877;-193.373286;,
  7.635715;388.773888;-191.638989;,
  200.200563;267.781760;82.083053;,
  202.696691;256.043494;59.425050;,
  202.456909;249.403750;64.838483;,
  203.841446;280.306586;74.574778;,
  218.114150;266.036813;47.759850;,
  209.472550;284.900173;78.151469;,
  232.478771;278.389965;53.913062;,
  219.399296;286.368128;84.297843;,
  232.765722;277.434726;79.509722;,
  215.885133;276.894054;89.288621;,
  257.956890;246.050176;78.421088;,
  209.472550;284.900173;78.151469;,
  217.246746;255.008589;86.108698;,
  225.917645;247.283533;80.026931;,
  202.456909;249.403750;64.838483;,
  200.200563;267.781760;82.083053;,
  203.841446;280.306586;74.574778;,
  206.410138;268.053094;88.291002;,
  259.439386;187.410995;-19.221701;,
  267.360691;189.229504;-26.940400;,
  257.797478;182.290995;-28.404602;,
  271.433114;193.094195;-13.309400;,
  278.003814;197.933811;-24.982299;,
  284.891520;195.422694;-11.701100;,
  277.513600;190.475200;-4.666600;,
  286.633523;186.306304;-7.869800;,
  288.768307;212.848998;-21.823798;,
  288.444877;211.885606;-24.584000;,
  292.118707;213.614592;-25.020501;,
  290.600883;213.716595;-19.827699;,
  293.961395;215.251789;-21.351400;,
  293.222502;210.613901;-18.398501;,
  289.503002;194.468403;-12.222400;,
  285.045018;165.468096;-12.078000;,
  294.655488;198.257702;-23.104400;,
  293.961395;215.251789;-21.351400;,
  292.118707;213.614592;-25.020501;,
  289.451520;173.336589;-27.818499;,
  284.753818;193.225293;-31.819002;,
  288.444877;211.885606;-24.584000;,
  278.003814;197.933811;-24.982299;,
  276.768486;180.005402;-35.433398;,
  267.360691;189.229504;-26.940400;,
  268.750387;171.305101;-36.124400;,
  257.797478;182.290995;-28.404602;,
  254.963994;172.244992;-35.127603;,
  261.440307;159.245107;-36.945402;,
  248.578893;162.037990;-37.042198;,
  257.120691;146.197696;-32.485699;,
  275.356109;159.249690;-32.127603;,
  266.140109;138.635302;-31.327600;,
  281.802317;158.116198;-25.765499;,
  276.284493;149.086195;-20.168699;,
  280.421120;157.183194;-12.077700;,
  -74.200269;129.942643;7.289010;,
  -79.431443;126.426931;-0.917063;,
  -66.109926;128.484979;-5.214382;,
  -89.782547;139.410995;15.504749;,
  -92.451770;121.898739;1.667110;,
  -102.766554;150.635699;6.316775;,
  -86.886438;147.283315;20.450906;,
  -99.000198;127.371123;7.759777;,
  -102.835616;123.854733;-1.306511;,
  -97.984653;119.132813;-6.004580;,
  -96.102042;119.041715;-17.049387;,
  -110.682214;142.873114;-3.005987;,
  -109.624346;146.251072;-3.671184;,
  -100.693741;124.193600;-25.134357;,
  -91.330483;120.567078;-26.098400;,
  -101.703315;145.545242;-27.237450;,
  -103.121382;151.467635;-16.572813;,
  -94.096314;153.934234;-23.609302;,
  -95.791053;126.147379;-30.319334;,
  -85.179514;129.157056;-25.766683;,
  -95.917638;133.555866;-32.130435;,
  -87.932282;136.537997;-26.038208;,
  44.438397;299.582746;-76.016595;,
  42.163395;304.672819;-75.653690;,
  41.905270;299.775411;-80.746490;,
  47.267184;301.612723;-67.425914;,
  41.283344;309.292928;-70.891270;,
  51.131555;302.101248;-63.216826;,
  43.271354;314.105114;-59.081728;,
  37.279101;313.955661;-71.929171;,
  42.912086;294.201344;-50.972035;,
  48.199120;296.073728;-63.237664;,
  20.381898;329.231258;-48.515120;,
  36.459114;283.767782;-59.583795;,
  43.467360;289.840947;-67.011750;,
  37.392269;281.167667;-70.649869;,
  39.099110;286.030976;-42.925091;,
  23.480747;317.772083;-81.045082;,
  30.726947;310.183450;-79.131379;,
  42.116154;299.174989;-29.001946;,
  44.077363;288.024141;-31.561309;,
  26.276256;327.467264;-30.920586;,
  31.366685;295.844173;-12.006264;,
  32.710198;280.285286;-20.950482;,
  37.906272;281.160986;-30.745469;,
  16.523202;328.616525;-5.873648;,
  26.664170;269.806592;-32.381501;,
  30.685037;266.065638;-38.532989;,
  30.182691;262.508723;-35.817021;,
  26.763080;263.473869;-31.297027;,
  28.048845;271.199821;-19.794539;,
  31.148938;263.810662;-17.641363;,
  29.150262;276.120781;-9.650346;,
  32.884144;269.922432;-1.854275;,
  26.389722;291.037389;3.722305;,
  30.314963;286.706586;15.918808;,
  22.367130;284.919731;13.458874;,
  16.330990;311.078298;5.293858;,
  19.570466;288.422656;4.840813;,
  15.567024;285.443994;16.772496;,
  13.713864;290.222797;12.708820;,
  4.596814;274.544614;16.099643;,
  0.000000;327.683686;-5.246933;,
  0.000000;292.386688;10.505798;,
  0.000000;272.111386;16.434123;,
  -4.596814;274.544614;16.099643;,
  0.000000;306.462746;0.062069;,
  -13.713864;290.222797;12.708820;,
  -15.567024;285.443994;16.772496;,
  -16.330990;311.078298;5.293858;,
  -19.570466;288.422656;4.840813;,
  -22.367130;284.919731;13.458874;,
  -26.389722;291.037389;3.722305;,
  -30.314963;286.706586;15.918808;,
  -32.884144;269.922432;-1.854275;,
  -29.150262;276.120781;-9.650346;,
  -31.148938;263.810662;-17.641363;,
  -31.366685;295.844173;-12.006264;,
  -28.048845;271.199821;-19.794539;,
  -26.763080;263.473869;-31.297027;,
  -32.710198;280.285286;-20.950482;,
  -26.664170;269.806592;-32.381501;,
  -30.182691;262.508723;-35.817021;,
  -30.685037;266.065638;-38.532989;,
  -37.906272;281.160986;-30.745469;,
  -44.077363;288.024141;-31.561309;,
  -42.116154;299.174989;-29.001946;,
  -39.099110;286.030976;-42.925091;,
  -16.523202;328.616525;-5.873648;,
  -26.276256;327.467264;-30.920586;,
  -42.912086;294.201344;-50.972035;,
  -36.459114;283.767782;-59.583795;,
  -37.392269;281.167667;-70.649869;,
  -43.467360;289.840947;-67.011750;,
  -48.199120;296.073728;-63.237664;,
  -51.131555;302.101248;-63.216826;,
  -43.271354;314.105114;-59.081728;,
  -41.283344;309.292928;-70.891270;,
  -47.267184;301.612723;-67.425914;,
  -42.163395;304.672819;-75.653690;,
  -44.438397;299.582746;-76.016595;,
  -41.905270;299.775411;-80.746490;,
  -37.279101;313.955661;-71.929171;,
  -20.381898;329.231258;-48.515120;,
  -30.726947;310.183450;-79.131379;,
  -23.480747;317.772083;-81.045082;,
  0.000000;324.270694;-35.862214;,
  0.000000;329.937587;-56.016595;,
  0.000000;318.638643;-74.665056;,
  0.000000;297.973094;-87.290029;,
  2.190731;408.197606;-194.032230;,
  2.075189;408.308941;-194.727552;,
  3.093344;408.785408;-195.664448;,
  3.201946;409.460480;-197.428531;,
  5.535271;410.946534;-196.387802;,
  0.000000;409.581440;-201.559923;,
  6.736852;418.755891;-203.036301;,
  0.000000;414.667520;-209.197069;,
  8.709879;430.35747;-208.031322;,
  0.000000;422.314368;-218.185907;,
  11.727342;421.386726;-196.705075;,
  12.462002;429.56512;-204.275469;,
  8.781388;413.867981;-193.057574;,
  5.895284;410.065562;-192.183974;,
  6.289448;410.411162;-191.792461;,
  12.109993;416.061184;-189.124250;,
  9.443522;413.874074;-190.441152;,
  10.518514;414.454528;-188.389286;,
  8.977570;413.873638;-188.662477;,
  15.287069;421.643366;-189.116160;,
  16.898117;422.036659;-182.937549;,
  13.237004;419.766451;-184.162227;,
  20.891475;428.046336;-183.115072;,
  16.336338;430.33597;-196.555072;,
  19.435426;429.83222;-188.839808;,
